# generated by tools/landing_sites.py; values as PASS decodes its I-loads
runway 79 EDT22R 0.60947072505950928 -2.0572338104248047 2287.39990234375 4.1578330993652344
runway 80 EDT04L 0.60916781425476074 -2.0578269958496094 2310.5 1.016240119934082
runway 87 EDW15 0.61021506786346436 -2.0571756362915039 2271 2.9239654541015625
runway 88 EDW18L 0.61044156551361084 -2.0569334030151367 2269 3.4767732620239258
runway 89 EDW22 0.60940426588058472 -2.0570869445800781 2281.89990234375 4.1578836441040039
runway 90 EDW04 0.6090502142906189 -2.0577812194824219 2301.39990234375 1.0162868499755859
mls 3 89 0.60908323526382446 -2.0577716827392578 2281.89990234375 1.016291618347168 0.60934597253799438 -2.0571460723876953 2281.89990234375 1.016291618347168
mls 4 90 0.60910844802856445 -2.0577220916748047 2301.39990234375 4.1578798294067383 0.60910844802856445 -2.0577220916748047 2301.39990234375 4.1578798294067383
mls 5 79 0.60941249132156372 -2.0572919845581055 2287.39990234375 1.016240119934082 0.60941249132156372 -2.0572919845581055 2287.39990234375 1.016240119934082
mls 6 80 0.6092260479927063 -2.0577678680419922 2310.5 4.1578330993652344 0.6092260479927063 -2.0577678680419922 2310.5 4.1578330993652344
