# LA66 RNJ009 run 3/0 RN/L 8.11, M .290, beta 0, elevon -5 nominal, spdbrk 25, PDF p105 (report page 22)
# RN/FT ALPHA ELEVON CN CA CLM CL CD L/D CBL CYN CY
8.117 -3.210 -4.92000 -.28750 .05510 .07060 -.28390 .07110 -3.99210 -.00050 -.00060 -.00480
8.118 -2.030 -4.93000 -.23240 .05900 .07010 -.23020 .06720 -3.42420 -.00070 -.00050 -.00600
8.104 -.020 -4.92000 -.14120 .06150 .06940 -.14120 .06150 -2.29540 -.00070 -.00060 -.00420
8.110 .990 -4.90000 -.09550 .06160 .06960 -.09650 .06000 -1.60840 -.00090 -.00060 -.00430
8.083 1.990 -4.89000 -.04910 .06030 .07010 -.05120 .05860 -.87310 -.00090 -.00060 -.00450
8.095 3.010 -4.91000 -.00270 .05860 .07010 -.00580 .05840 -.09890 -.00100 -.00060 -.00480
8.086 3.990 -4.91000 .03840 .05570 .07020 .03440 .05820 .59110 -.00110 -.00060 -.00390
8.108 5.000 -4.91000 .08670 .05170 .06970 .08190 .05910 1.38650 -.00110 -.00060 -.00400
8.084 5.990 -4.92000 .13410 .04760 .06950 .12840 .06130 2.09380 -.00100 -.00060 -.00360
8.114 7.030 -4.89000 .18360 .04150 .06900 .17710 .06370 2.78070 -.00120 -.00050 -.00380
8.114 8.020 -4.88000 .23110 .03550 .06850 .22390 .06740 3.32030 -.00130 -.00050 -.00360
8.114 9.050 -4.89000 .28470 .02840 .06760 .27670 .07280 3.80060 -.00130 -.00040 -.00450
8.107 10.050 -4.88000 .33590 .02090 .06730 .32710 .07920 4.12870 -.00130 -.00040 -.00430
8.097 11.080 -4.87000 .38140 .01420 .06890 .37150 .08720 4.25980 -.00100 -.00040 -.00420
8.096 12.090 -4.89000 .43330 .00600 .07060 .42250 .09660 4.37480 -.00100 -.00040 -.00280
8.095 13.120 -4.88000 .48450 -.00180 .07220 .47230 .10810 4.36830 -.00110 -.00040 -.00340
8.065 14.100 -4.93000 .53390 -.00930 .07230 .52010 .12100 4.29890 -.00090 -.00030 -.00390
8.098 15.110 -4.92000 .59080 -.01800 .07110 .57510 .13670 4.20700 -.00120 -.00030 -.00390
8.077 16.130 -4.92000 .64660 -.02610 .06930 .62840 .15450 4.06730 -.00100 -.00050 -.00290
8.064 17.130 -4.93000 .70740 -.03490 .06720 .68630 .17500 3.92070 -.00070 -.00080 -.00270
8.068 18.170 -4.92000 .77080 -.04330 .06230 .74580 .19920 3.74380 -.00090 -.00120 -.00190
8.050 19.180 -4.96000 .83150 -.05100 .05810 .80210 .22500 3.55530 -.00070 -.00120 -.00240
8.050 20.210 -4.92000 .90190 -.05770 .05130 .86630 .25740 3.36510 -.00200 -.00160 -.00030
8.059 21.200 -4.93000 .96250 -.05730 .04790 .91810 .29470 3.11520 -.00280 -.00310 .00290
8.052 22.220 -4.96000 1.01300 -.05980 .04680 .96040 .32760 2.93200 -.00140 -.00270 .00280
8.044 23.290 -4.89000 1.07250 -.06000 .04550 1.00880 .36900 2.73360 -.00050 -.00260 .00320
8.040 24.260 -4.90000 1.12010 -.05530 .04260 1.04390 .40980 2.54740 .00120 -.00090 .00030
# identity-settled: a5.000 CN; a13.120 CA; a16.130 CN CA L/D (row smudged); a19.180 CD; a22.220 CA; a23.290 CL (smudged)
# AMBIGUOUS a19.180: CN/CA give CD .22500 (used), but the printed L/D 3.55530 implies .22560 (as I first read it) -- 0.3%, unresolved
