# LA66 RNJ002 run 1/0 RN/L 8.42, M .290, beta 0, elevon 0 nominal, spdbrk 25, bdflap 0, PDF p92 (report page 9)
# RN/FT ALPHA ELEVON CN CA CLM CL CD L/D CBL CYN CY
8.426 -3.180 -.05000 -.19000 .05680 .02410 -.18660 .06720 -2.77460 -.00050 -.00010 -.00320
8.434 -2.030 -.01000 -.13670 .05960 .02420 -.13450 .06440 -2.08790 -.00050 -.00010 -.00280
8.407 -.010 -.05000 -.04670 .06200 .02410 -.04670 .06200 -.75310 -.00060 -.00010 -.00260
8.410 1.000 -.02000 .00080 .06160 .02420 -.00030 .06160 -.00430 -.00070 -.00010 -.00120
8.422 2.000 -.03000 .04340 .06030 .02420 .04130 .06180 .66880 -.00080 -.00010 -.00220
8.407 3.010 -.03000 .09120 .05770 .02420 .08810 .06250 1.40990 -.00080 .00000 -.00250
8.402 4.000 -.07000 .13780 .05490 .02450 .13370 .06440 2.07590 -.00070 .00000 -.00150
8.404 5.040 -.05000 .18690 .05070 .02430 .18170 .06690 2.71700 -.00080 .00010 -.00270
8.388 6.040 -.05000 .23400 .04590 .02360 .22790 .07030 3.24160 -.00080 .00000 -.00130
8.392 7.040 -.04000 .28370 .03990 .02310 .27670 .07430 3.72130 -.00100 .00020 -.00250
8.390 8.070 -.03000 .33560 .03240 .02200 .32780 .07920 4.13600 -.00100 .00010 -.00170
8.394 9.080 .02000 .38420 .02480 .02150 .37550 .08520 4.40700 -.00090 .00010 -.00190
8.386 10.080 .01000 .43540 .01740 .02180 .42560 .09330 4.56360 -.00080 .00010 -.00120
8.374 11.110 .00000 .48480 .00950 .02350 .47390 .10280 4.61060 -.00080 .00010 -.00140
8.376 12.100 -.04000 .53510 .00160 .02540 .52280 .11380 4.59510 -.00100 .00020 -.00220
8.407 13.130 -.01000 .58620 -.00640 .02610 .57230 .12700 4.50730 -.00120 .00010 -.00080
8.402 14.110 -.10000 .63750 -.01450 .02620 .62180 .14140 4.39620 -.00120 .00020 -.00140
8.408 15.140 .02000 .69120 -.02300 .02420 .67320 .15830 4.25160 -.00150 .00000 -.00020
8.374 16.160 -.05000 .75020 -.03140 .02260 .72930 .17860 4.08340 -.00140 -.00020 -.00060
8.373 17.160 -.02000 .80930 -.04030 .02000 .78520 .20020 3.92150 -.00140 -.00030 .00030
8.356 18.180 .03000 .87190 -.04850 .01610 .84350 .22590 3.73420 -.00120 -.00090 .00180
8.367 19.210 -.07000 .93060 -.05660 .01230 .89740 .25270 3.55110 -.00080 -.00150 .00300
8.337 20.190 .04000 .99620 -.05740 .00740 .95480 .29000 3.29210 -.00190 -.00360 .00700
8.338 21.200 -.02000 1.05470 -.05940 .00460 1.00480 .32610 3.08160 -.00200 -.00250 .00490
8.344 22.220 -.06000 1.10640 -.06070 .00400 1.04720 .36230 2.89030 -.00020 -.00220 .00490
8.336 23.280 -.08000 1.16640 -.05760 -.00110 1.09420 .40810 2.68090 .00020 -.00190 .00460
8.323 24.300 .02000 1.23210 -.05320 -.00790 1.14480 .45860 2.49650 .00120 -.00030 .00180
# identity-settled (scan degraded): a12.100 CN; a16.160 CN CL CD L/D (elevon/CLM/CBL..CY unverified); a19.210 CA
