# LA66 RNJ008 run 2/0 RN/L 8.29, M .290, beta 0, elevon +5 nominal, spdbrk 25, PDF p104 (report page 21)
# RN/FT ALPHA ELEVON CN CA CLM CL CD L/D CBL CYN CY
8.315 -3.190 4.96000 -.10780 .06050 -.01420 -.10430 .06640 -1.57160 .00050 -.00020 -.00250
8.318 -2.010 4.98000 -.05520 .06330 -.01450 -.05290 .06520 -.81130 .00050 -.00020 -.00170
8.296 .000 4.98000 .03330 .06490 -.01440 .03330 .06490 .51310 .00020 .00000 -.00420
8.300 1.010 4.97000 .08080 .06410 -.01480 .07960 .06560 1.21450 .00020 .00000 -.00470
8.284 2.010 4.99000 .12840 .06250 -.01480 .12610 .06700 1.88340 .00020 -.00010 -.00400
8.278 3.040 5.00000 .17670 .06020 -.01500 .17330 .06950 2.49350 .00010 -.00010 -.00390
8.281 4.050 5.00000 .22160 .05670 -.01520 .21710 .07230 3.00460 .00010 .00010 -.00410
8.264 5.020 5.00000 .26770 .05250 -.01510 .26200 .07570 3.46020 .00000 .00000 -.00410
8.273 6.070 5.01000 .31730 .04690 -.01520 .31050 .08020 3.87060 .00000 .00010 -.00410
8.286 7.070 4.99000 .36950 .04020 -.01560 .36170 .08540 4.23720 .00010 .00000 -.00400
8.270 8.070 4.97000 .41520 .03370 -.01590 .40640 .09170 4.43110 .00000 .00020 -.00440
8.283 9.120 4.94000 .47250 .02570 -.01590 .46240 .10030 4.61000 .00000 .00010 -.00400
8.285 10.120 4.95000 .51690 .01850 -.01530 .50560 .10900 4.63950 .00000 .00020 -.00420
8.291 11.160 4.93000 .56740 .01030 -.01380 .55470 .11990 4.62800 -.00010 .00030 -.00460
8.261 12.170 4.84000 .62100 .00210 -.01300 .60660 .13300 4.56230 -.00050 .00030 -.00460
8.278 13.150 4.89000 .66810 -.00540 -.01350 .65180 .14680 4.44070 -.00060 .00010 -.00270
8.260 14.170 4.94000 .72170 -.01410 -.01330 .70320 .16300 4.31330 -.00050 .00010 -.00290
8.239 15.180 4.89000 .77610 -.02260 -.01410 .75500 .18150 4.16010 -.00040 .00000 -.00350
8.292 16.240 4.94000 .83370 -.03170 -.01620 .80940 .20270 3.99310 -.00030 -.00020 -.00200
8.276 17.230 4.90000 .88860 -.03990 -.01810 .86050 .22510 3.82240 -.00020 -.00040 -.00210
8.257 18.200 4.89000 .95370 -.04810 -.02290 .92100 .25220 3.65210 -.00040 -.00120 .00050
8.265 19.230 4.90000 1.01290 -.05560 -.02690 .97470 .28120 3.46590 .00000 -.00190 .00300
8.255 20.260 4.93000 1.08300 -.05490 -.03340 1.03500 .32350 3.19940 -.00240 -.00370 .00540
8.245 21.280 4.93000 1.13900 -.05590 -.03530 1.08160 .36130 2.99410 -.00100 -.00250 .00460
8.249 22.320 4.88000 1.19130 -.05430 -.03690 1.12270 .40220 2.79130 -.00010 -.00290 .00420
8.227 23.280 4.92000 1.25550 -.05080 -.04460 1.17330 .44960 2.60990 .00120 -.00190 .00250
8.221 24.290 4.88000 1.31940 -.04640 -.05180 1.22170 .50030 2.44180 .00250 -.00020 -.00110
